645627867711110400
3069663016793480192
3076836883486558464
3077805385727942656
804267776188978560
804433085192311552
804680853265211136
804813992949512832
804986547555827072
804806949203670016
805292521025901952
805386361769061888
805513969539318656
805846576105919360
806009544343658624
604999641754367104
1549233633250973952
608155828536818432
609012584317985536
1610018106368418688
1573648598184013696
1573337745630750720
1573791019299183104
1573798200484113920
1573516072672347264
1573932375262544000
693887464575240832
693809498032995072
693634130223576960
693984771354338816
694179689853474944
694040395474204544
694636502579916928
694477932382502272
694388390904554880
1610686063978210048
1611084770086378496
1611683046146171136
1611428504909232128
1611965856857154560
1611799624442503424
1611930191448884480
3072988386631016960
1574433374608344704
1574399255387648384
1574686472736610432
1574648672728494592
1575179668125500416
1617185238554270592
696199630153099520
695911111429896704
696207498533223680
696722997687453824
696355107969096320
696889230101746432
696900328297308544
696928400203691520
696877616510168832
697135417627255424
697681668748257280
3079286354875554048
3079762615208074880
3080370576418967168
829064001079200512
829370249433511936
829222227674018048
829735695303469184
829626603134366080
829890490223008128
829645329191821696
829977935757347328
830360458426128512
830897982173307520
828975765271212160
828795922099260544
607376584030479104
1571718405521546496
1571152157033139456
1576676107746927360
1576906283633971456
1577523006577854976
1577323410857938560
1577868321948589056
1577705624291235456
1578277645215799680
831004295508410624
831546522234937472
831365824370590208
831529239286462848
831307554553041152
831856412715369600
831986429965360384
832512821157219584
832507323599032448
832876484627770368
833077321593323648
636563700010029312
636966950195258752
636964815595784320
636170384085347968
635227076123455744
594750376613874048
595207601650889984
685570101491227648
1564932425913438208
795298544444860416
796057276187475840
796599679017398784
795770853408220544
796681115896066048
796821161891225216
1565530461455053184
1566241841182701696
1566635706863441280
1566618458274391168
1566531498072640896
1566731914130515456
1567034833879290112
1565951398314095744
1566052003627646976
1566077773431363072
1566831591731958528
1661977246325338752
1662213469527057408
1662123069054970112
1662697220283432192
1663078407220927872
838497531666622592
838626896081771648
838592162681957376
838742555257268096
839352986072398464
839735409960528640
837795218614354560
838859889467446272
3063526298801204096
638478602589067392
638779765696146432
639326497852996736
687369864587411072
687488783641691264
687534108432193536
610556131140480384
610716105786697600
611190613773610112
612187149265317376
802027628624607872
802942658518600576
802779454060587136
802809858130139904
803346488523602816
803050170139836416
803510556274285824
803802236093579520
1562723885010161536
793093405155801856
793615329582125952
793810939572405504
793813001156852480
794508579699717888
794208447385364224
794347947923184640
598523621346250368
598864126353122816
597657584140381056
598298187103063168
792170266362383360
792587015627966720
792320792078924032
1658133113156896896
1658438021474688512
1658415653285697280
1659137448309169024
1659079930107703808
1659549906904070912
840147211424880000
840485173811228672
840313237680966144
840374672892832256
840496959202025600
840269532096201600
840389722458511488
840316403072730752
840712154243181056
840743765202598528
840871411630929920
840935045866217856
840917178802106240
840733113683611392
841378045973150336
841736800296767744
1659628139733382528
1659823715363607168
1660242801092894592
1660988613573759104
3066690040430135296
1578531598042204416
1578654571546021888
1579123272736741760
