6339065755426354048
6339488414567779328
6339618500537272448
6339633687541738880
6339645953968373376
6339631114857033856
4418123971384344832
4418151463471047424
4418156892309990784
4418161221636772992
4418262754663577856
4418265022406118784
4418921495271963136
4418919712861244416
4418920120882353280
4418914936857620224
4418920739357629184
4418920017803112832
4418920773717375872
4418920159537849856
4418732104394214272
4418919949083630080
4418920636278474880
4418732039970339968
4418732143049556096
4418919639845933568
4418731902531386240
4418731902531386112
4418721555954496128
4418724923208864128
4418919639845936000
4418725472964680064
4418913665547290112
4418919712861243264
4418722792905072512
4418919914723874560
4418913695611185920
4418913906065459840
4418914730699187328
4418914833778403712
4418919953379415808
4418915104360532864
4418915001281293440
4418913901769619200
4418920842436863744
4419082401927264256
4419079928026104448
4419080958818284160
4419078111255104384
4419055949223837824
4419059797514551168
4419070208514387072
4420593306997575168
4420577016185704320
4420571965304335104
4420607768151633408
4420603271321687552
4420603163946657792
4420593306997575168
4420604989308613248
4420629036830807296
4420709855230125952
4420608700160449280
4420734662961249280
4420717139494655360
4420552418908966912
4420527233220736128
4420749884325455616
4420561485585112064
4420553479766045824
4420740912138482944
4420741191311512704
4420750739023778432
4421129726937584512
4421130036175237632
4421137904555364992
4420942432004721408
4421130723370022656
4421130487147097472
4421128077670137472
4421166320058408064
4420970057233967360
4420945936697606144
4420984939295809024
4420981464667196800
4420979300003647488
4420972221898887936
4421084582536744832
4421075644710040960
4421086266163973376
4427119350890013312
4427116091010101888
4427113032993386112
4424730421359839872
4424745269063081088
4424712176338855168
4426217893090213248
4426224692022094208
4426225520952123520
4426348219581208960
4450090352114918784
6339635100586674176
6339651829483748736
4418316080977455616
4418265022406118784
4418161221636772992
6339645953968373376
4418720460738494080
4418913906065459840
4418913665547290112
4418913901769619200
4418294430046519936
4418688536245813888
4418920846732620416
4418925858959184128
4419055055870634368
4418731902531386240
4418726061375864320
4418722792905072512
4418910951128053760
4418688536245813888
4418914043504415104
4418914936857620224
4418938129681045248
4418926138132347008
4419053848983798400
4418920159537849856
4418920636278474880
4418306490314700288
4418919914723874560
4418305219004364416
4418310274181701632
4418687986489979136
4418914833778403712
4419089759206363776
4418920017803112832
4418720460738494080
4418910951128053760
4418913906065459840
4418919953379415808
4418920846732620416
4418926138132347008
4418938129681045248
4419025300337195264
4419086254513120768
4419055055870634368
4427099426537128832
4427081628192616576
4427653614757370624
4427226351411147648
4424743825954076032
4424754374393795072
4426680989347901056
4426667387188891008
